Execution Summary - 2026-07-21 05:22:31.535474

M    | Initial Cond  | Optimized Cond  | Final Cond   | Initial Density | Optimized Density | Final Density | Initial U  | Optimized U | Final U   
---------------------------------------------------------------------------------------------------------------------------------------------------
1    | 1.0000        | 1.0000          | 1.0000       | 0.141356        | 0.141356          | 0.141356      | 30.111263  | 30.111263   | 30.111263 
2    | 2.9379        | 2.6125          | 2.6125       | 0.143170        | 0.152295          | 0.152295      | 29.447237  | 29.398540   | 29.398540 
3    | 4.5761        | 4.2139          | 4.2139       | 0.141020        | 0.147091          | 0.147091      | 29.043720  | 29.011616   | 29.011616 
4    | 5.8804        | 5.6196          | 5.6196       | 0.138927        | 0.154522          | 0.154522      | 28.505589  | 28.471548   | 28.471548 
5    | 7.6435        | 7.5414          | 7.5414       | 0.144606        | 0.148120          | 0.148120      | 28.073673  | 28.052692   | 28.052692 
6    | 9.6912        | 9.3328          | 9.3328       | 0.145938        | 0.151026          | 0.151026      | 27.782303  | 27.767818   | 27.767818 
7    | 11.1533       | 10.9144         | 10.9144      | 0.156661        | 0.157431          | 0.157431      | 27.183794  | 27.168055   | 27.168055 
8    | 12.8090       | 12.6326         | 12.6326      | 0.160716        | 0.163530          | 0.163530      | 26.579887  | 26.570202   | 26.570202 
9    | 14.6101       | 14.5162         | 14.5162      | 0.168455        | 0.167612          | 0.167612      | 26.432680  | 26.429346   | 26.429346 
10   | 16.9143       | 16.7921         | 16.7921      | 0.175573        | 0.176539          | 0.176539      | 26.039185  | 26.031218   | 26.031218 
11   | 18.3188       | 17.9260         | 17.9260      | 0.181134        | 0.182550          | 0.182550      | 25.511499  | 25.503984   | 25.503984 
12   | 21.4054       | 20.8935         | 20.8935      | 0.185897        | 0.185616          | 0.185616      | 24.917416  | 24.910522   | 24.910522 
13   | 22.5246       | 22.0061         | inf          | 0.191827        | 0.193828          | 0.015356      | 24.653954  | 24.649544   | 7.666882  
14   | 24.0387       | 25.2136         | inf          | 0.200907        | 0.201593          | 0.015356      | 24.388206  | 24.382286   | 7.106695  
15   | 27.0971       | 28.2676         | inf          | 0.206219        | 0.206652          | 0.015356      | 23.901920  | 23.897167   | 6.621850  
16   | 29.3668       | 29.8851         | inf          | 0.212732        | 0.212164          | 0.015356      | 23.548378  | 23.546307   | 6.198223  
